23 5
21 23 16 14 16
23 4 0
9 14 16
13 4 7
5
0 5 15 15
20 16
13 4 7 14
23 16 17 9 23 16 2 14 4 22
21 4 2 9 13
-1
8 4
21 23 5 8
5 8
3 7 8 21
9
14 4 7 21 5 22 16
1 14 4 6 16 2 7 14 16
20 7 21
5
2 4
22 16 16 2
8 4 11 16 4 22 16
23 16 14 16
3 7 8 21
5 22
6 9 8 16
8 4 11 16 21 23 5 22 10
10 4 16 8
0 14 4 22 10
-1
5 12
8 4 11 16 21 23 5 22 10
2 4 16 8
10 4
0 14 4 22 10
13 4 7
9 14 16
10 4 5 22 10
21 4
23 9 7 16
21 4
6 15 16 9 22
7 1
21 23 16
11 16 8 8
-1
23 16 13
0 9 5 21
9
11 5 22 7 21 16
6 9 22
13 4 7
16 7 16 22
7 22 2 16 14 8 21 9 22 2
0 23 9 21
5
9 11
8 9 13 5 22 10
9 22 2
0 23 9 21
5 8
0 14 4 22 10
0 5 21 23
13 4 7 14
23 16 9 2
-1
4 23
0 16 15 15
13 4 7
9 14 16
23 16 14 16
22 4 0
11 5 10 23 21
9 8
0 16 15 15
2 4
21 23 5 8
21 23 5 22 10
1 14 16 1 9 14 16
21 4
23 9 7 16
13 4 7 14
11 5 22 2
20 15 4 0 22
-1
9 15 15
4 12
21 5 11 16
9 22 2
8 1 9 6 16
9 22 2
21 23 16
8 1 9 6 16
4 7 21 8 5 2 16
4 12
8 1 9 6 16
2 4 16 8
5 21
16 7 16 14
16 22 2
-1
5
19 5 22 2
4 12
21 23 4 7 10 23 21
11 9 13 20 16
21 23 5 8
0 4 7 15 2
22 4 21
0 4 14 19
20 16 6 9 7 8 16
4 12
13 4 7 14
0 16 5 14 2
23 16 9 2
20 7 21
16 7 16 14 13 21 23 5 22 10
15 4 4 19 8
9 4 19
12 14 4 11
4 7 16 14
23 16 14 16
-1
